-6952
-6186
-608
6220
-760
3018
8388
-7860
2181
-7476
-1738
-6675
8719
-7363
1349
1857
-1486
-2667
1717
3887
9088
-4026
-2504
-7324
-3047
-1182
6340
4807
-1768
5508
-6655
-6752
-2511
-1711
233
-6486
4682
3989
-5017
8369
-3186
-9015
8418
9231
9463
9973
8984
5652
2510
2383
-3700
-3951
6468
4774
7270
-6702
-2847
-8929
5150
-3937
4247
-5601
-2017
-6319
6704
-7769
4783
6303
1243
7906
-8882
-6292
341
-8625
-776
5686
5123
4860
-6154
6014
-7511
-7712
2686
-6780
1537
-7826
-2690
-9420
8993
1686
8103
-6678
-4800
8754
9454
4302
-7803
1498
-8221
8872
8218
-5176
-5661
-8959
6842
2630
8665
-1471
-2040
2473
-8909
-9245
1991
-6819
-4750
4028
-8881
3175
7676
9838
3780
-6024
6031
499
-1462
4424
-8810
-903
4761
1848
-507
-4214
7417
-8263
-3289
-5897
-5583
7156
-1836
4190
8096
8480
-4678
-21
7223
8885
-1956
-20
-8149
-5029
-3483
6338
-1360
-7867
5429
-4251
6551
-3205
4352
795
3432
-8877
-8494
7230
-4481
4440
838
2815
-5177
8604
-3814
-4275
-5871
-6142
-1936
2742
-9364
-9590
3254
868
1876
7591
-2794
-2179
-1383
-1380
-1652
1469
-5446
7799
8541
7898
-9475
-6260
2122
8122
818
2330
-7949
2888
-4866
-2838
6695
9697
881
6746
6387
1283
8172
-3528
9992
5367
4958
-7018
4715
-3318
-7159
-6980
1508
-3873
7308
8136
-2895
6195
7456
-9579
-2220
-5395
1750
8944
487
4812
-4298
-7966
4217
-4686
4599
-7402
8528
-9287
-9800
-4121
8154
9873
2149
1109
-6922
-5687
7394
-4256
-276
8284
-5696
5512
-8620
-8596
-1340
-1664
-8977
-1079
-4627
-8554
7529
4230
-3591
270
-4764
9839
-4001
4945
-7209
7187
-7399
-9722
5728
2424
-7017
2882
-9441
-7976
-989
6497
-7262
-1841
8212
9960
-7295
4616
6765
4864
-6537
2001
5232
3422
2527
-1090
-182
9682
5637
1540
4230
8530
-5484
-5439
-1664
-8478
1286
-7792
4353
5435
4269
9290
-7121
-8155
1281
1106
-8731
7179
-6559
1601
8071
-7326
4962
4858
7027
-5375
-7392
2569
-2816
-7854
-2302
-2874
-4370
-6269
7867
1503
9079
1876
6593
2901
2168
114
-4678
-3464
6464
-1706
6902
-3863
-4709
1001
9796
-458
1333
-6095
4695
-1787
-619
8961
9628
3966
955
872
-9173
-6393
-4668
-4357
9184
4160
3177
1829
-3269
-6814
-2814
-9686
6401
-3189
-295
-4693
3890
8788
7115
-9432
-7634
2432
7401
-5563
-7393
3315
-3829
-4529
1975
8715
1129
-4307
-94
1106
-3352
-7940
4214
-4642
9828
8090
897
-8086
-1116
3791
1013
-2051
-7713
5616
-8323
-5735
-4214
6571
4011
241
1291
-4699
-3820
659
-321
8414
6851
3705
5982
7880
1258
9204
5721
8646
167
-6784
-3419
-3599
8455
-8455
9378
-5484
4979
8832
231
2707
8269
9888
-6503
-7396
-5056
606
3264
-8677
-5284
692
-6700
5447
5551
-3968
165
5611
9608
807
-8360
5766
-3306
8003
-3271
-2243
-1326
-3367
6514
-6317
-8017
3949
9331
-9598
646
8902
4183
-6720
-8382
3390
6511
1765
5900
5811
9123
-2270
8071
-3204
-6737
5440
4876
-8224
2059
5411
119
-1221
-8597
-2594
6952
8955
-6737
-6832
-8736
-6536
-9641
-2069
9656
5467
-5442
-657
1822
8449
784
-9762
1783
-7101
8598
6365
4945
3678
6133
2209
3811
-4324
-5267
7660
-4559
945
9707
-9055
-2307
-7734
-7945
2727
-2919
-6089
4035
-1017
8434
9334
7886
-5048
7229
7583
-1837
-3346
-1459
6105
2080
1745
-6786
-6027
-53
3652
-8777
-4348
2237
5497
4498
-1700
7572
-7936
3187
-9813
-6209
-5977
4315
3360
2597
708
-5853
3336
-9709
499
6506
9567
7635
-6400
-7820
-7948
-9997
-1877
7517
6729
-6070
-7914
-912
-4041
3255
-2697
7571
1268
-33
6945
-8055
-2945
-4131
7159
-3643
8844
-122
7007
-9454
2006
-4966
6807
-7136
-3265
-3334
3842
-6424
-3823
-2928
-5874
-5250
311
3348
-5669
-397
8255
7291
1294
-1218
434
482
-7969
-7506
-1116
4230
-679
-2621
2537
-970
-5656
-6493
-485
-3845
-7561
-338
-3971
-1878
5651
-259
1252
8824
-9793
4558
-3422
-3066
7304
-6105
6478
-4261
-1783
-2597
-7912
9550
-9961
9906
5633
8079
-2694
6876
-3265
-1753
2483
1550
1740
2986
-2304
5284
7947
-6233
1577
632
7155
2280
-3365
5288
-2341
-3087
-483
6787
1885
9071
1175
-2869
-3010
8870
4195
3556
-1839
-6573
8551
-8437
-4242
-7904
-5330
6039
2772
-7170
6366
-5129
-4554
8384
4116
605
-1309
-2129
9829
6060
1517
6784
-1767
-9810
-404
-920
2435
2839
7350
-9019
-820
7945
-3894
-4656
-3618
2430
7204
-1732
8604
-8126
9348
6578
-5393
-3126
6572
1498
4649
-6949
5534
2723
-9643
-1208
-6369
8525
-1621
2411
-3678
-4355
2578
-7103
2041
-3765
5232
6586
2079
5034
-896
-3932
-2232
-5176
-7078
5701
-2402
-9765
4578
5912
-9551
2577
-1216
-5048
3304
5022
-2877
-5466
3273
2538
-3690
2789
9718
-742
7718
3285
-7591
-4318
1012
9000
8533
1269
4697
2224
-2821
2679
-7574
-3283
1841
3680
-5090
8380
9030
5989
9722
1016
2812
1794
456
4548
2350
-2225
-1465
-7332
-8448
-6995
3043
-665
-5693
8160
-4952
7462
-58
7154
-8084
-9150
-2093
-7931
-1249
513
7750
5941
-4951
-6370
-8657
6837
2236
4274
-4640
1193
-4212
9430
-1826
5971
1110
-737
1919
3586
3666
-1300
-267
-7403
-7466
-927
-45
5398
-2098
151
-4410
-4757
1020
2610
9201
9654
3790
-9191
178
1875
-6658
9793
5752
5238
-7273
7863
-3209
6827
8006
2200
-2905
3366
1009
-9360
9392
8473
-6317
5786
-6286
-2080
-9593
4072
-4566
-3834
75
3225
6177
8711
-9573
-7549
6506
-5070
9573
3757
-7975
1815
-8934
5186
-4444
857
2116
-163
4473
-1581
-6619
-8114
-585
-1917
1310
-3636
4883
6915
9849
7265
6699
2839
-9304
-8938
-1745
3785
1973
-6481
7273
-6073
-4946
4395
5751
-8721
2665
-5161
596
-7818
1659
-4378
-1897
4484
-6361
346
-9783
-4967
2245
2504
515
-5403
1640
1758
-6744
1937
-5870
8775
-4219
-855
-5743
5896
-8444
-6663
-2059
-114
-7896
9949
2455
340
706
8780
1408
8383
-8902
5504
6899
9399
2724
1741
2550
1375
-2839
-7731
8629
6990
7948
-9004
3980
131
2240
395
3399
-9564
-8569
-485
-6491
-3151
397
5421
9953
-2163
-1175
-8263
-8699
6433
-3049
-9405
2185
1711
-4902
-5524
-9917
-6755
-8943
2389
6836
-4488
-6387
-130
1247
-9271
-55
843
9153
-8707
2466
4724
6389
-7023
5553
-590
-4193
8873
55
-7953
-4487
6483
-8814
-6168
-418
-6156
8655
4309
-8413
1240
-3067
389
-323
9995
-8131
9321
8596
9324
604
6850
6592
2417
-5705
-6678
-9565
778
8018
-3642
-2029
8810
8524
-3312
-4822
-2985
2559
-7780
-4385
1740
-2352
8009
-4541
4941
-301
877
9208
-1191
435
-7576
-718
-6229
-6230
2623
7702
972
-1037
-6579
-7307
-7238
-6731
8760
2193
-2747
4492
-1961
7511
5567
2060
6246
9707
8461
4817
7023
1903
-9520
3007
-9297
9359
8433
-4580
-7774
-7393
-6998
-4029
4663
1094
-2904
-4972
-2134
-4508
-9672
-3579
-2677
8727
7601
-8474
2936
-9105
-6632
5862
3524
-3167
2535
-6577
-6929
5750
-9306
-7704
3262
106
3662
1640
7496
-9858
2080
462
1504
9891
8412
-8185
-1583
6093
3347
1545
1752
-1308
-3104
-3031
-4103
-121
-9094
7915
7896
4165
7790
4449
2282
-2085
-9674
-4856
-2771
-2502
-5735
5045
6859
-9114
-8283
5174
6955
8910
638
6981
-968
-6648
3006
-2894
7348
1979
-6943
6926
4245
-5262
-5429
-6093
9711
-5512
-9899
9331
-8775
684
8618
6873
5453
-7760
-7266
9290
-9326
-7779
-7511
-634
-3739
6964
9098
-2291
-2430
9216
7625
2634
-7167
4102
9031
-3173
9092
-8904
-1313
5253
-6015
8765
-4873
2882
318
-2049
-4814
-7495
-245
3563
-4374
-2797
-8415
5861
-7008
-2430
-2440
2349
-9308
8856
9053
-2596
-1028
-3311
2642
-3821
-6368
-859
-738
3785
-9608
-5274
-9227
-5138
-8363
-2515
2111
4065
7055
-9687
-913
-7271
-3846
3342
4716
-4476
-2946
-3520
-1346
-4301
6158
-4082
-7664
2223
-4599
8578
-5243
5867
9553
2528
-9757
-5276
-9135
-6203
-2966
9941
-8675
4755
-1524
-7952
-2476
-9286
84
-4088
6702
2887
-161
5558
3798
-6062
9638
3622
5118
-5504
7403
-2294
5819
8756
1334
6467
-843
8924
-5757
9237
-1950
-3215
7074
-9514
-270
2758
5695
-1827
7714
9720
641
6537
7651
-3115
5800
944
943
4318
5059
-3341
-4893
-1348
9358
-9029
1803
5822
-7470
7915
-8233
-249
-2275
5070
-9480
-9089
-303
6134
-9646
-9503
4725
5457
-2600
4434
7590
8326
-7065
5105
9980
9533
8847
963
2502
-660
7755
8306
1760
-2970
-163
2244
-4895
-9315
9607
4066
7350
-6679
5569
4602
4938
7638
7890
-2025
3204
2738
-7888
3724
-66
-5651
-5926
-3340
-4264
-2281
-705
-7666
5762
4908
-3887
-5892
-8110
6861
-6563
-7750
8357
8078
-1256
-5146
-2191
-3564
-1241
-4161
-6761
3864
-5435
3844
-969
-3116
-4673
3116
7347
-2228
4553
8463
8179
-7269
-4230
3856
2299
-3944
1636
-8703
-3492
-5238
3410
-2315
6357
2552
953
-3420
6477
-7596
4698
2322
-6379
-3823
3646
-5837
9
-6240
303
-227
7035
-1471
6107
2903
835
-2392
6505
6221
-6079
-6711
7915
1384
-8978
-77
-4008
2915
6284
893
4909
-9731
6059
5382
-4826
6547
-2463
-7249
-1719
9354
3083
4078
-6370
9343
-4313
-445
-7063
-105
1014
6505
-9578
-9596
4608
-3288
-9429
-2844
-4078
7083
2640
8210
-4977
-3453
8041
8043
6442
1370
9074
5336
9048
7163
4244
1088
2464
-8337
4876
6162
6360
8549
-2559
-943
-9617
5218
1315
9363
9081
337
-8677
-8295
7143
-6967
8200
6265
9083
6000
1050
-1888
-8858
8572
-1700
9371
-296
-3332
2284
7598
4925
1678
6352
3852
987
8352
2491
-2574
9323
9541
2114
1295
-6920
-1968
-3985
3163
8527
728
6130
8620
-5689
-9385
-1129
1095
-8492
-8994
2831
-9653
709
-6579
1645
-397
-7124
2074
-2423
-8377
8900
8624
-2916
-752
5919
-1527
959
-6403
-8959
8613
-5185
-1376
-6076
1677
-8522
9813
9938
4057
8613
8892
2350
-2096
-545
-3197
108
7392
4033
7552
5730
-6850
577
-9527
-8085
-447
-5436
-9937
-9593
5098
-1680
-9529
8284
1929
-9482
3882
-3730
7893
-3602
4758
2536
5045
-2195
-378
-7936
-8808
2118
-6128
5210
47
1549
5546
1447
-582
-5232
-2205
230
-5700
-2839
-2135
-3164
-5628
1740
-9115
-6891
-4327
6030
-5427
-1841
-4388
1731
1270
7966
-4199
-6046
-8391
1953
2456
-1844
-5120
-9284
-4272
3720
361
-4423
8395
-4184
674
-6290
6088
2398
811
180
-5484
-9391
751
4586
-8503
594
-299
1088
8615
-444
6499
9800
2342
6152
1741
8236
5966
2060
8907
-4214
-3159
-4013
-1389
-3855
5237
-4149
168
-2601
2979
3537
5377
-255
-4189
-2256
-6010
-8322
-7593
-9008
1478
6084
-9673
2178
-961
6907
8906
1004
-9015
1086
6004
8837
9861
-1933
-2019
-1320
-2332
9538
4392
3874
9226
1836
-652
2769
9344
-9055
7226
7642
-4930
-9245
-3527
62
1560
6471
1504
-1671
3309
1552
-9315
-6720
4155
-7526
3420
3506
4127
-3433
203
8303
4933
3397
-5053
2901
9017
-9263
6586
-2400
-3142
-2252
8275
2122
-6337
-7596
4228
-8589
-8267
6675
9443
9262
-552
8506
-2341
-3010
2654
6372
-3957
-4427
-2557
-1342
7636
-1524
-5737
4830
-4776
3769
8484
-1425
7303
-4851
8687
9462
-2176
-892
-6799
-9315
-4226
5721
-6443
5309
8573
-6637
5831
-7323
6663
-5537
933
4894
5067
4264
-1620
-9431
-9243
-7766
-4920
-3866
5706
-5346
-847
4730
9898
-9260
6699
-4789
1445
-8528
9689
3514
2766
2771
9341
7959
-2224
7018
-8956
-9023
9641
4521
-3539
8074
7316
-147
-9037
3075
3992
6361
-447
-330
-6498
2993
9527
-5710
-3671
5720
-620
8274
-9829
-7001
-3621
118
-1741
-3639
-5059
7767
-8938
-3198
-5899
2827
-775
4487
8353
4044
3655
594
-9971
-4898
-1030
-9838
1401
8294
-481
-1777
-6698
-5179
2359
8624
7009
-6243
2251
3433
-534
-8662
-7341
-9960
6156
9276
-3474
-9639
4135
-3889
-9038
-3438
7282
-1777
-7529
3349
15
-8951
-4409
-5898
33
9021
-1034
-2875
-6255
2921
7876
1540
-1008
8105
2492
-9833
-609
2310
853
-3444
-5146
4802
9672
-9709
1558
-3815
8154
3761
6180
927
-9394
-5904
-426
-4563
9061
9952
6710
2710
666
6013
8014
-8510
9141
2939
-2150
-1905
-2183
3833
-6510
-1475
-2998
-1283
-2621
3427
-8282
-148
-9840
-7915
-3014
-2099
812
-4848
8948
498
5197
5785
1808
136
1665
-5637
8398
-6550
-6005
5959
-3555
7036
4169
-6631
1256
-1713
148
-1599
5899
7990
8736
8207
1977
-8312
-4486
3979
6363
3615
9427
2777
913
9468
-1456
-8474
6669
-3764
4348
-5451
2805
-2045
4238
6744
-9942
-4569
-646
8504
-6048
6035
-5666
4090
9640
-2243
-8624
5805
6196
7437
3057
-2345
-2462
-4419
-5397
-5823
784
2716
-7979
5871
-9039
-1812
-5823
9584
8095
9871
-8463
-9084
1000
-2969
7777
9676
-5847
-3966
-9915
-769
247
3903
6267
4801
7787
-9319
9146
-1214
-9720
2918
-7589
-4988
7086
1040
-5879
797
6390
-1630
-2961
9123
-8328
-844
-1559
4671
8850
-7755
-4355
3093
-6271
-5900
-6584
8448
-7832
1236
-8041
4997
7678
5589
-8112
-974
-9525
-7368
-1173
591
7669
5756
-5211
-68
-2634
-9899
8969
3882
6977
104
-6198
4998
161
-3229
-4021
5343
-9866
-8511
-6438
8927
-8122
-6511
6041
-3983
-8160
8541
-7233
-998
-3841
-9000
3191
6166
-4704
-1358
-8478
3608
1178
243
-6187
-8314
2689
8422
8017
-8388
9605
6231
675
9642
700
-3383
-3791
-8921
-3944
-3082
-1422
-7605
-7784
9499
-5467
8160
5562
3871
2802
-4965
1767
-9925
-7430
-9735
-7236
7756
7645
-6343
2088
2034
-4567
6525
-7001
-7693
7292
-2978
-7867
9666
1900
-7899
7670
-6740
9132
6083
-5588
9813
-8883
6198
6206
3355
5185
-8443
-8083
5648
4304
1773
9614
8496
7843
-1765
-6532
-9980
-5733
-8044
8385
1587
-8304
7097
7083
5307
4063
519
-9490
9686
9881
-7086
-7941
3419
-1173
1137
9156
-9916
1997
2101
463
-1129
-9640
2634
6403
3497
1035
-7494
-2759
8663
7815
-6792
-4692
-1311
-946
8414
-1361
6009
6441
9588
6725
-1063
644
-7853
7822
7373
8102
5702
-547
-9692
-2310
-9779
-1972
6925
2328
9385
-9690
-6887
2313
5013
-5222
1039
9788
4877
9827
5918
1774
1373
880
-7268
-6927
-4612
792
-9045
8966
-2399
9895
717
-9284
2996
3141
-2721
-1384
-6242
-2801
9013
-1316
-7283
5275
-880
-5060
-1323
-3002
9546
-8001
-4657
5847
5703
1512
288
7325
-8751
-630
-3015
-6226
-3339
-354
999
-2629
-6984
779
8495
-8348
7755
-6374
-5581
9282
-4084
8702
5697
4363
2743
8283
-4650
-2870
6757
-3753
7847
9932
-5534
9631
5641
-8823
-9041
5480
9795
-6959
3389
5597
5554
7057
-8077
-420
-4783
1419
113
-7994
-9276
7020
8934
1311
2970
-3471
92
7446
-9162
7375
-667
8701
-6469
-390
-5575
3804
8163
-908
1268
4152
-8707
-8066
-4441
-6271
4831
8475
-8528
-7870
4416
-1274
7506
3251
-17
-5852
9334
-3807
3662
4873
7349
6057
4923
997
-7603
3718
3970
6230
9231
-2700
-5900
-5692
-4667
-5510
-5227
-5535
416
-4053
5667
6517
-2570
-1596
-1331
8303
-1299
-4325
-8258
1165
5376
-6107
6595
-2923
-7616
2261
3510
9984
-8377
609
-4118
3056
3753
2050
-5376
-5496
5153
-9009
5395
-5813
-3217
8842
7176
8798
-1261
-6778
-3865
8214
161
3454
-4901
3112
-2642
-9488
4214
9612
-4669
-6122
4635
8285
1874
3884
7473
-2581
-9428
-3218
-2953
-2498
424
8807
-4479
-8000
9389
-6579
-8318
-7129
4875
-1236
-5211
1010
-4226
9852
1580
179
4978
-8676
423
1819
-6310
-8957
-5744
1018
-3555
9623
2845
4314
2477
3196
9459
-8602
-9283
-6317
3564
-3987
7421
3173
1736
4686
5108
5196
-1653
6614
-5683
2114
9553
-6606
4941
687
1832
3654
-9627
-2104
-8874
-5426
-7002
2621
-5067
-2397
5317
2908
-4339
-2715
-6972
3264
-2810
-315
2
7246
2373
1659
7507
4278
800
-8752
3455
3353
95
-5917
35
3276
986
4522
-720
-6871
1722
-9463
1729
8959
488
-7872
1426
-2841
-9334
5343
8908
3696
9494
-2798
9703
-9797
-729
-1311
-4522
-9630
-164
5957
-2286
-352
-3560
-7601
5730
-1494
4087
6206
-6427
-524
-1881
1229
2312
5114
-8051
-9125
2958
1181
6444
1272
6293
7736
-910
9382
-5459
-6312
-6511
-9097
9169
-4445
5555
-4701
-1943
7576
5007
4677
-5134
-3310
2858
7459
8482
6348
8117
2214
-2590
7776
-4952
7986
3904
-6775
887
1055
217
481
9625
-5273
4492
347
-7346
9855
5875
-9256
8689
-8032
6738
-4037
-4114
8831
-1095
-1603
-8920
7332
1422
-2225
343
-7214
7280
1031
-5053
-9599
6655
3124
8949
-6095
-3073
-4006
4041
1959
9956
-8533
-1478
-1091
3098
9906
6793
4285
7414
-7492
1886
-2317
-7217
-792
-8082
3083
-4538
-9823
-5472
5088
-903
4867
-4329
8550
7106
1834
1835
-9238
-4326
-3381
-5509
-3042
-2916
6859
9985
5017
7974
-7510
-1631
7548
3268
6162
4606
-2076
-356
-2720
9838
-1128
-3298
5721
-341
-2133
83
-1783
-6150
-357
-6937
-2532
5955
-4027
1642
3942
-2772
2198
2279
6913
-8598
-7764
8762
-1121
-3583
4398
5965
9492
1614
-7038
-1046
4546
-182
-1027
9725
-793
-4586
4204
2714
1295
274
-400
-8324
-2801
4132
293
-9349
7645
2567
1640
6183
-5417
1274
-9330
8936
-8396
7568
-9330
2382
-6898
2591
1642
4337
-1246
4260
647
-4579
-9132
-5760
-8886
9371
1914
-7897
-2673
4265
-2108
-4814
-1191
3478
-7870
-6601
2987
-7257
623
9113
7167
-4334
-9811
3121
-9115
4586
-4166
-9280
7597
5622
1220
-7675
-4064
4680
-9277
-9933
7894
-3479
-1688
4022
1916
2403
8867
9426
1516
3347
-5631
3248
-6394
8944
1431
7285
8855
-6081
-9929
-6206
2029
6271
5465
9989
1820
-1579
-7917
3579
-9271
-9593
6239
9342
-8003
3874
5941
3415
-8872
6054
8462
8910
6801
5690
-9044
9585
1528
-1223
3778
4057
-8687
894
9761
-4873
-5472
5812
-7767
7820
7710
-8019
-6025
7711
-4579
-1945
6740
7912
-8572
-776
-3662
5515
-9718
-9399
5882
3481
806
2025
3823
187
228
-2415
-8028
2953
5438
-2634
1714
-8564
3432
8188
-4747
-879
-7996
-6460
-140
2521
-6134
909
-6802
-6140
-7293
3077
-8500
-408
-3258
-1761
1292
3898
3095
1095
-7989
-4839
-9157
-4390
-1467
1808
-8277
-1741
2390
-8225
4092
8454
2132
-5765
229
7230
4566
8235
-6140
8075
-2172
-822
-3217
6127
-1212
7721
9970
-9888
-8045
7360
822
6823
-5782
-7852
9398
832
-1850
2116
6088
-6087
-8279
5599
-6978
-9099
-1069
-8201
1014
379
5209
439
-224
-4218
3919
-5307
7214
4186
7746
1266
-2535
362
4491
4562
4589
219
8995
6018
-4864
6787
7244
-6339
950
8562
9086
-916
-5423
-6860
-2927
-4002
3696
9768
-6716
3458
-4691
-6266
3898
9026
8656
-5117
-3571
-7134
6243
-852
5169
-5611
-5770
8154
-2752
6087
9738
2914
7617
5880
2118
-5761
-4365
-1286
5443
-1722
-4379
-9746
7212
-2193
-2227
7032
-3902
-1306
-577
2606
-8644
-3157
-9835
-5665
3133
-7097
-2422
547
783
5981
-5317
1740
126
17
-4999
-1863
-9124
-9375
4503
520
-4817
-6309
-5186
3378
7386
-5430
8613
-5825
4506
-6545
6294
9441
-2391
3284
-2199
406
-9785
-5766
1408
5459
5063
-4063
-1811
-6246
3866
7971
-6678
-4037
8953
-614
-2758
-9575
-1130
5397
-7717
3723
-6099
1372
-2783
2056
-9542
-9366
-2170
7727
8411
-31
-3572
3280
1106
-8419
7943
-488
-333
-7302
-5647
4251
-2922
-7638
3239
-5580
7349
5744
9292
-8143
-2691
-833
579
-3880
-3886
6211
2336
2933
6918
-9542
-3943
161
983
-7713
-4906
-4717
-6838
3745
-9253
-7277
-4567
6977
3932
-5335
8075
2507
155
8641
7393
-1956
-6451
-7503
6084
-1734
2647
2133
728
-7501
1313
-1861
-6562
9064
-4383
-7564
-1624
8613
-2399
-5748
-4712
9113
1398
815
3317
6708
-5879
6774
-3392
-4733
2614
9185
2169
7357
-8043
-1546
9682
-8060
-772
4890
4075
-1635
646
6036
2816
5929
-8750
-5486
-5364
9528
-9826
-3870
7404
-7645
1608
1032
-2982
5418
-2853
7963
-5012
-8665
-1643
-703
-5633
-9569
-4992
-4515
6037
-9250
-1543
6232
-7381
-9729
4670
2551
-1115
3278
9382
-5924
-5921
3861
-8436
5401
-7501
562
-9639
5018
235
-4735
-9426
-9812
-9557
-3126
-5921
8387
-8592
4220
-8401
1836
-5941
1532
-3365
2995
-9482
3036
4682
7105
414
-9791
-8768
-4594
-9395
-8850
-232
1737
-2416
6252
-4983
7766
4375
-6284
-7324
3885
6650
-313
-2300
5816
-3604
187
650
8671
8185
7106
36
-2705
4054
-9549
3028
-5673
-3224
1140
1289
4246
-9302
-1928
-9379
-8239
-762
-2250
3702
-7609
-2442
3031
5936
-5720
-5505
9696
3335
-7485
-7876
-7123
-9334
46
-4392
-9667
3893
42
-392
-8132
-1868
-1356
3728
3869
8733
-8008
9046
-4548
-3984
-4916
-6340
9046
4207
2834
-9543
-1569
6401
3340
4243
-2343
2224
-1844
-3818
-986
-8580
3901
3706
-4448
-8948
-5193
7829
-3716
3830
40
8839
-4541
-9018
-7465
-1001
-8703
-5428
-6517
6430
5682
382
-2612
-8789
6634
-5810
-530
-7778
-5396
-21
929
452
-4155
-6878
4618
-5133
1660
-4435
9710
-7031
4785
-3289
-8278
7998
-8398
-8703
-1611
4031
1725
-1351
-4037
-7838
5603
-689
-2775
-948
-3425
-686
7947
6286
2111
-9951
6289
2273
-9558
1890
-1981
-8956
1867
-7539
3216
-3777
-3747
3988
-7034
-3710
-3014
-2066
9979
1605
-8851
2229
-7724
6526
9209
-7559
9275
6849
4255
1307
-2968
396
-5161
5230
-5955
-818
5466
-7868
4765
-1399
1321
6577
5610
-1139
-8866
-6324
-9158
5686
9226
-2739
-1678
-8824
3501
-3228
-8285
-6280
-5470
7459
6073
-7815
2767
-4740
-3635
-3551
9969
4532
9473
9002
8354
2067
-1785
754
7183
-7958
-3417
-3929
-6724
6227
1689
4993
9883
4786
2394
2401
5066
8896
-3962
3228
-8914
9989
-392
-7210
764
801
2950
-8689
-6487
-8864
-1864
-251
6422
4098
-4834
6216
2688
-7876
-1233
6701
-7049
8800
-6963
-2560
929
8287
-4851
3794
5376
8611
1954
8065
2313
422
4523
6925
6437
7588
2639
-3695
8242
-7787
-9650
4556
-204
-3407
-63
4531
-835
-6107
7596
9679
958
-8372
9945
578
-1927
-8734
-1316
5349
6919
-7424
7636
7064
3288
8923
-5931
-9209
1436
-3341
371
-5279
2945
4588
2303
3707
7419
8561
4791
7742
3554
-4693
-1142
-9718
8560
-2326
-3028
-6274
-3678
-7670
-8755
-9303
-6771
5010
3374
7824
6143
-377
5973
1176
8109
-7767
3027
8662
5565
-1740
3433
-5895
-9795
5271
6849
2325
7282
2500
-9120
-8527
-4197
8130
4794
7124
6270
5714
9929
-4108
-846
758
-2782
6431
-4909
-8637
-5813
-2824
4325
-166
9471
-6147
-2301
-2630
-255
-6351
3268
316
5952
-7397
7866
-5916
1252
2413
-9886
9037
-8720
7868
8970
2517
8061
3067
1445
2124
-6211
-8730
-4631
1018
-2186
3646
-3739
-8482
8214
-9629
-7872
9923
108
6071
-2640
9496
8708
212
-3260
4724
7964
-8608
-5820
-8136
-4393
9039
-5320
-4491
-4140
9885
8750
-7963
1816
-8937
-836
-2447
8967
-6835
6399
6878
-7986
-8155
1706
-2776
-3841
-8351
-1600
3849
-7571
4819
7794
6428
6765
-2651
-5844
8865
5730
-865
-8503
5705
3968
-2199
-4062
-2932
7612
7021
-3203
9289
-8966
-1373
-6703
-4711
-8370
-8258
-8931
1189
-4276
2104
4264
-1153
8660
-2522
3206
-6199
-2976
119
9584
-928
-6341
-6615
1402
9858
9269
-8481
-6970
5043
1557
8801
3920
3380
1040
6716
1037
-6651
1412
-4199
-4142
-1107
-3890
-9032
9284
-3841
9503
-2243
3034
-1657
6850
7738
6406
-4607
-6621
-1252
1452
508
-6331
513
4486
-5881
-797
8864
-3184
2613
4844
-6747
330
8301
4376
7196
-6692
4487
-4797
-2735
-1502
6324
-301
6742
6135
1944
3422
-8445
-6500
1056
-2016
6057
-5076
-6573
-8164
7694
-4835
-9149
3398
-3382
-9537
7767
1769
6366
-5991
3068
-8301
-4037
-3350
-370
1174
9521
2404
2884
1521
-9963
5406
-7311
-8735
-5150
5711
-7771
-3361
-5370
-2738
1735
4637
9727
990
8716
-6239
9850
-3590
-2841
-2477
-985
9272
9536
-6562
6509
735
5383
-4407
-4322
8830
574
-7016
-9511
1276
414
4462
-8965
9188
-5571
3597
-4163
8585
-6693
2739
-5403
3807
83
715
9595
6110
-7732
-4635
3888
-8082
-8957
-4429
7645
-6819
949
4785
-4396
-5347
-9156
2404
2066
518
-730
485
8011
5270
-3121
-5919
-180
2977
-2503
-7395
-5474
4612
1384
-6932
-3281
-9429
-7722
349
-1331
-1530
-3427
-9156
-1450
774
-5062
1819
-8452
-6489
9028
7978
-697
-370
3192
-9430
-2226
-4847
5407
-5773
9500
5464
3645
462
-4527
940
7893
-6479
5653
3470
-7112
146
3904
-6795
4776
4218
-185
2517
-2023
2562
-1388
2720
4357
-4183
-366
302
-2786
3500
7166
-2367
-9217
7462
-50
4656
4113
-6474
7071
7414
-3957
3242
6671
-2189
-6560
7265
4008
-7043
-2098
-78
-276
-3214
-6250
-2439
-3534
7207
1277
1884
2265
4889
9830
4466
724
3778
-1795
-5630
3881
6665
-1282
1317
9260
-3633
-3938
8247
-303
-4571
-4921
-2006
-251
3533
4366
-5297
-7974
-506
2803
2416
5692
3111
-6413
5721
-3282
7225
2871
8231
2901
-5968
363
-1648
-2144
-8040
2233
7868
-6357
8164
-4076
-1688
3790
266
1059
782
-4346
3220
8702
-5737
-6243
7645
-1195
4028
2100
8812
-9717
-872
714
-2083
966
7417
-7478
2449
8750
8777
5688
5524
-3114
3076
2074
9682
-5795
6575
706
7221
-734
-2181
-7323
-4208
395
-6430
6957
-3822
-3381
4721
-3084
-8052
-273
-5433
9604
6813
3350
2255
270
4841
5099
-576
-4863
193
-7732
1717
7948
-4928
-7911
-4664
-4037
-7432
-1435
7623
-4807
-4454
9083
-2807
-426
2620
8489
-7592
-2015
-827
-565
-2531
-2252
9798
-1842
6858
6659
8097
-3680
-6401
-5848
-6612
6955
4258
-3140
9834
7745
3049
369
-7918
1318
3186
-6087
2166
-7620
-2112
-4026
576
-2643
-1406
-7330
4139
8504
5432
5632
-8968
6097
-2990
3379
3411
7223
-7546
4550
-7717
-9941
4921
9953
8767
-3230
-1012
1256
-943
76
1494
-5727
-1218
4112
9564
7670
8605
-6993
-6756
-4692
6505
6424
1852
8363
-6405
9069
9420
5745
-3521
-793
-4050
-8416
797
-2371
9929
-8134
-7888
1284
6899
4844
2589
1223
-7340
-8153
3488
-6564
7437
7038
4743
6156
4226
8405
985
6396
-7325
-9379
-8586
2614
-2867
-314
928
-8073
-4338
-4063
-7209
-6775
7884
-2425
5785
9952
-6414
-2999
-1727
-6422
-6766
1208
4254
-9817
-1617
9958
-1241
-4768
4724
5391
-8696
1653
8542
9460
3426
6217
7423
-6767
-9168
-9801
-4973
-854
-6562
9984
7990
-2488
3792
3805
-1181
779
3669
5018
7629
-342
-4985
3632
4646
-2437
3366
-2158
-9399
-8418
4968
5881
-568
-6252
-4338
-7108
-8312
6320
2421
5362
-6722
4942
5336
-6767
-9387
-7263
-2182
5446
-7432
-61
-8056
-5202
3837
-9405
614
-9929
2335
-6977
407
-2095
-5345
1187
-9867
-5228
-7026
7279
4657
-3647
-1641
82
-7022
-2102
4498
-2787
7488
-2356
-2556
-3419
8427
-9725
-9359
5899
6979
-9486
51
4245
918
-2350
-5613
2128
-7961
8579
-4379
-6490
3256
-9997
-9462
-692
-3737
69
5756
5008
3228
1352
6387
7466
-4825
2824
2878
-4538
7259
-3256
9353
1637
-262
-4270
-9911
-8961
1054
9728
-5558
-4213
1912
-6120
-7065
-7544
-1971
8245
-4462
-7696
6663
-890
6211
8076
-7343
7130
3706
6348
626
-1494
-5011
4449
-1485
-5690
-7194
5533
7904
5796
-4682
2919
5993
1826
4962
-5796
-7524
-8404
-529
-7577
6084
3724
8049
-8635
-3128
7762
4007
-5580
7718
-1661
-4501
4348
153
8775
2385
3372
485
-1230
3648
7596
7445
1694
-6081
6462
-2809
7644
-6083
1217
6295
8552
2626
-2153
9536
1511
-6292
6513
4060
-4105
-6906
-2426
-9765
1051
8738
1145
-3466
-5547
1224
-112
4824
-1342
-5072
-5240
-2929
9342
297
6696
4574
4992
-1033
738
-1619
-4745
-4287
-3309
7282
-7957
-8825
5726
-1619
-8103
-3989
6216
7796
-1739
5268
-3031
7690
1545
296
1624
5042
5084
1013
-9130
-1444
6872
-1328
-7957
-6484
-8991
201
1262
-7810
7283
5424
-4879
-6127
-2581
-4578
8686
196
6799
3592
7946
-5488
7636
2486
2446
-1856
5297
-498
331
-60
-4795
4208
7671
-6328
5761
4249
8641
397
2397
-7308
8225
7489
2701
4271
6884
1301
1852
-4101
5878
2147
1270
-6769
1771
-1948
8182
6836
997
5218
1659
-3986
5081
-8599
5087
-2331
8994
-1875
5768
-3869
-4091
-5816
-8438
2086
-3871
6832
-6594
145
5471
414
-2003
2187
-4139
5504
2917
719
8410
-9277
-4456
-1731
-5253
-7947
8687
-1499
-2769
-4571
2379
6656
870
-3680
3828
-7837
-9019
4077
7357
-7664
-4217
-5380
5480
6266
-8542
-2855
4509
5469
-5579
1416
-3984
-4439
-7693
-9276
-3078
-8633
7709
4031
2464
-7200
-8381
-9691
2225
-5391
7417
-589
4034
-5385
6178
8066
9632
-1861
5829
9900
5746
-5760
-2075
-7246
-5590
83
-9729
-9213
5419
-7101
7990
8565
6025
4587
-3937
613
-1127
3320
894
1080
4846
-4104
4732
-6703
2719
1104
-5679
-5632
3659
591
59
-6418
5045
5519
422
6168
-8818
7867
6842
7028
5849
-448
9733
-1533
7351
8527
614
940
5007
3778
-9018
1382
-3286
-7617
-2052
1234
4284
-3041
-8847
-6638
1923
-5279
108
-1236
-530
-2163
1133
4536
9647
6128
4475
5896
9609
-9836
-7421
-5037
4769
8199
4887
8398
-8134
5346
-6278
-7879
-5572
2003
6787
-4663
8665
6904
-2859
-5852
-9109
-3978
7737
-5668
9831
-8358
9499
2977
-2342
7946
-6341
-7844
-9204
-4414
-7394
597
-5161
-6583
9210
562
1175
7336
-1583
-1782
6147
8550
4711
-5689
-4391
-5189
9993
7882
-7870
8628
-7492
4056
9094
-1511
2875
9088
-1123
-3191
-9229
2798
-7426
-9207
-7497
-1277
2552
4119
-8420
7253
146
-3316
1823
6910
-7549
-1550
2487
9296
-5980
-4540
-5348
-5333
7654
-5751
-1084
-921
-2667
-3646
-7104
-9410
9626
-9957
7224
-8009
63
828
-2930
-9333
-319
1591
-1767
-6126
1103
-1060
6520
-2165
6055
6453
-5690
-1341
6255
-2439
-3311
2789
8513
-2695
8623
5579
6120
-3914
230
9812
5755
520
-8653
-7815
7115
3179
-6089
-1172
-5571
9806
-7552
-631
-8293
5776
-9741
5236
9106
574
-7983
2749
6733
-5081
-4803
9632
7248
6212
372
8249
-8483
-1706
8610
2481
-1729
4139
-1202
-992
-1311
-4176
-8315
573
-6747
-6545
5105
-7099
1552
-7548
7402
8284
6619
-5401
9380
-1464
-1562
-723
-907
-4039
-1037
1050
-7558
-3704
2362
3450
-7596
4746
9272
7296
-6862
-6246
-8556
-2073
-1999
4931
4857
-4519
6781
5730
300
2043
2349
8554
8403
-7782
1147
9283
6261
8506
4544
5893
-1639
1488
3023
-5157
-3458
-5472
-1147
-4630
-3543
5008
1218
-640
2302
-90
5777
2021
-4159
6305
205
5710
-8482
-1779
9232
-7378
-5635
-9830
6512
640
7
-5527
8162
4100
8226
-2461
-5610
-1873
-7605
-6954
5773
4014
-5447
-882
5140
-1257
1867
-3441
-3233
-7462
-978
2704
597
-2543
9529
-4352
-4911
-9094
-6310
5094
-1081
-4032
-1228
6178
3330
-5815
-2184
9956
7375
9093
5599
2370
-9909
-6
1149
4620
-4929
1819
2359
2083
-6106
5509
3107
5490
4518
-6713
3007
7572
-2830
3186
-9801
-9950
-8975
878
-2876
3876
7908
-5284
-7273
-5152
2226
4729
5624
-2752
9613
-9544
9553
1097
-3669
6458
-2392
-8439
-8566
-7721
3784
1256
-2728
4424
7164
-5377
-8563
3375
-1676
-8816
4675
-3672
5522
-5012
4960
-6661
5830
8516
9887
8366
4727
6810
-2291
-8265
3165
3899
-6667
9278
-5558
4718
-550
-1799
840
416
409
-7675
8486
-3233
-7612
-8416
-4162
-2404
-6425
3059
1980
9993
3020
-2336
98
4855
-9381
-3827
-5090
-270
6977
4466
-3708
-2374
9875
1746
8956
7745
7922
-2023
6985
3025
6633
-1106
-8078
-8829
7921
6488
-2951
9314
4454
-7312
287
5518
4240
3640
209
-2784
-3090
-1585
-9460
2443
187
-9308
-8302
2061
-2382
-7810
3480
-38
6597
1986
-8571
-1324
-6086
4698
263
-667
4978
-1010
4894
-5839
801
8283
-8995
8927
2991
5796
-430
4085
-383
-2115
-7519
8728
3802
-4270
9657
4211
-1881
-4514
-5519
1317
-8291
5681
8722
1089
-7341
-6177
4455
3291
-3442
-2087
2236
3382
117
-8770
3307
3774
477
-7200
-8236
3613
8995
232
-2699
4630
7845
3738
1963
7218
-6451
-3402
-5341
-8338
9401
-1525
7913
-3152
-7605
3830
-2604
-7456
1368
-2932
-4991
-1593
5007
5538
-2373
-1730
3300
5147
1728
3743
1444
-6282
2203
9928
-4043
-1314
4462
-3309
-8300
7000
6846
8760
7671
-3602
9237
3217
3704
-3766
-4980
-7344
8175
9988
-9155
-1641
-4241
-3453
-8891
3458
2565
-7669
8682
-8807
9136
8713
-9872
1210
9495
-5841
-191
-3057
-3749
2698
-9665
-5481
-8693
5695
4368
-4970
-6579
-756
3403
-9069
9211
-8909
6017
9378
5486
3292
-8369
-7326
-557
-2342
8922
8315
6919
-6518
5031
9913
-349
-4039
-800
-1496
8091
-3435
-9937
2954
9510
-9127
7355
-5954
7443
2355
-8215
7346
-2409
922
-772
8852
4182
627
-6521
-5068
-8551
9819
4272
-9263
7772
-8189
-7068
-9194
-2979
-3989
551
-7152
-4688
7853
2315
-8959
-2139
-3637
-9416
-8411
865
-3337
-5360
4477
-2601
-6551
-1754
-1155
-5403
8187
784
9920
5533
-1250
-8892
-2952
-4449
9913
1152
-4423
-7675
9794
-4011
-6160
3184
9629
2496
7361
5034
8134
2970
-412
8051
-2664
9544
2362
-3984
-4701
724
-4111
776
8565
-3314
-6568
-894
4757
-3162
6241
-1820
1498
1003
-6660
-2120
8512
9499
-9892
9674
2574
5093
9313
-6166
-3880
6553
-7426
3497
8045
-6198
-6622
5852
1354
4329
-1595
7885
6787
-1364
5041
4526
5872
8805
-6112
-2648
-4490
5180
8820
3724
2514
-8936
-236
2872
7460
2641
-9452
9096
-2066
-6283
7210
8727
-5764
-3344
-2963
-1038
-2718
-444
-4960
331
2425
-2270
6369
3814
6686
-5355
-1817
-4847
-9472
-1446
-1867
-6470
6121
6137
-8391
-1116
9301
-9213
7633
9265
9998
-3905
-9328
-6065
7593
-9376
5156
-5515
953
3962
-3545
-9836
363
-748
424
-4433
6744
-2087
-7576
-1564
-1439
2133
-7495
4727
4801
113
9235
6065
-9184
2059
-9303
7782
780
-2720
6388
6224
2496
4198
-4556
2163
2403
8859
7892
-9553
9497
6243
46
-2290
-9053
9552
-6721
2208
5394
-3060
-7906
-6114
-5301
7986
-8238
6412
-9212
4527
-9292
-7949
1349
1618
4862
3
-4211
7023
2771
-638
-7646
-8561
-4585
4653
4628
-7794
-4866
6685
-8413
-618
-6603
-2931
-5547
-6737
-7243
-8415
6884
-6625
-4961
7694
-3092
-5883
-530
6120
3344
4392
7042
-4845
-3847
-9667
-8799
-3463
-7651
-1309
-548
2893
8210
387
5991
7979
-8976
-7572
-5033
-9192
-4597
3138
-2590
5039
-9622
-6219
8038
-6414
750
-8141
-7941
-1450
-3343
-4599
-2401
8799
-2969
3276
-35
-2693
6255
9929
-5866
918
-4777
-3391
3561
4264
-6204
-450
8877
-9
7217
553
6232
-9571
-3221
-6673
7738
3969
1750
-437
-7688
-6687
2304
-1730
8612
-8259
-1782
-1803
-9301
6094
3791
-5038
5108
3256
6941
398
7550
7555
9319
-8597
-1344
8702
-3434
-7397
6329
9907
-5256
-6741
-2507
-639
1539
-341
8528
6389
-7363
4427
3261
777
9245
-9835
2880
-2670
-7724
1700
8882
2150
3389
7017
-761
7226
-9265
-1012
-2373
6837
-9853
1435
-6000
6073
-6719
-2456
-7040
-2815
-7835
2778
-2140
1556
-5043
-1138
6506
9391
8323
852
7723
-9642
-6588
-8240
8829
4012
8300
430
7415
-6401
-1828
3187
3178
4083
6443
1526
-6636
-1752
2949
5303
6591
489
3925
-1251
4282
-8726
-6321
7422
-9731
2218
-8255
4481
-6989
-6280
1883
9419
-9599
1097
4528
-3351
7736
-3768
3643
6531
-2332
5223
1609
3376
-1428
-7251
-4721
-2703
3538
7238
1567
-5557
-4368
-6185
4235
2772
6491
555
1174
-5482
-204
2090
-4147
7246
7935
3133
9004
-1488
5323
-2707
6710
5334
-1011
4704
-1166
-1107
388
6030
-2031
4920
5961
4041
-7869
-1433
9838
5281
5098
-4499
2042
-6053
-1646
-4085
7127
1061
8839
-5569
-742
-6361
8996
-3672
-6777
1072
-454
9433
4991
-6013
-4765
-8445
2488
3019
-5319
-5423
3967
4120
2684
-344
4062
-9010
2942
-9655
-6188
1960
-4823
5314
218
-105
-6356
-3001
-8030
-9254
-7543
2295
-3747
-4468
2992
-5111
6143
9340
-7283
-5844
9844
9875
3003
408
2541
-6827
-1839
1749
-6288
4296
-1707
1832
-6467
6945
-9707
-2670
3964
-3847
-302
-6224
-198
9895
4922
5219
1806
8032
-2340
1264
-7535
-3311
7215
1284
7627
8423
9428
-9086
9009
-7279
-7720
157
-4148
265
-2363
9183
9586
-708
-3110
7658
-4070
-3902
234
5063
-6951
-4937
-1744
-2457
-4959
1947
4333
1712
9199
1654
2728
5593
-2100
1701
-5368
-3757
679
-115
-7418
4107
-2674
-4152
-2109
-6785
-6323
4471
-3870
-6871
6449
8301
989
2865
466
-7482
-2072
2956
3353
-3212
5923
-5637
-6056
-1319
-9276
-6818
-8138
8862
-7390
8022
-1196
-651
3858
-6549
-1804
4035
6110
6575
-6990
-9531
1209
3635
9046
-3812
-8868
-9577
-1240
-7372
6218
-75
-514
-5691
6367
-771
8430
4703
-7398
-6559
-7289
-1050
2989
6641
5871
4728
-3582
997
-7113
-6060
6889
7932
7711
-1214
-7637
9412
-1879
557
3489
-4114
-1910
-366
-9384
4944
3756
-8073
-5863
-5547
-1630
-3144
-7403
-680
687
1469
7242
-8659
8790
8386
-7137
5842
-748
7
-8512
-3763
6115
7065
-4278
3473
4213
7708
7703
-5087
9103
4816
7893
7126
-2079
-9296
3461
2832
9114
-4317
-1512
3661
-5780
-7887
8143
-9539
5364
-6176
9620
-3997
5219
-7427
-3637
-4332
2596
-5048
1834
5419
9415
-2180
5615
7426
-1728
-8788
-2922
-313
3611
-3853
432
-5361
3033
-8808
444
-6655
-7982
-6938
-7606
7868
1306
3495
-6913
7498
2220
-9150
-8409
-3436
-1632
-2591
-8916
-442
-2689
573
-6396
8335
-5373
-7490
7928
-7949
6768
-3544
7568
-1928
951
9589
-2542
-4832
1975
-169
2636
-1508
9540
6367
-1760
-2575
3750
1546
-7362
1564
4902
8105
-6696
9543
8509
1037
4131
4735
-8984
-899
-5722
-9156
-4636
-3035
-67
-4848
-5917
8897
8668
1249
8574
124
-1001
1869
2654
-1526
4818
6763
-4953
3543
-1622
-8274
-8998
1659
-2789
2268
8294
8195
2288
-6144
-6987
8038
-2398
9927
-7006
2428
3531
3447
1340
5318
5564
1729
-2955
-7938
-769
-2247
-2657
-5841
-6048
9521
-6756
1688
-3814
-6020
645
-386
-2162
8647
235
2752
-718
-3091
3655
-7952
-100
735
8540
-6550
-2357
3450
-7521
3211
2528
-6365
1734
-6125
-628
2467
7328
3603
-4201
-2651
1821
6030
-7182
-9989
1308
-7141
-8246
-1015
-3802
9990
8423
8644
7998
-4255
370
-2171
9112
-6139
6274
-6641
3842
-1554
7311
-2981
-9869
692
-6339
3549
-1706
-6451
486
5572
5032
-3395
2276
7306
7010
-3412
4215
4408
-8376
-3123
9216
-4754
4799
-5011
7475
-5933
1310
5549
9800
-739
9712
-9641
-9401
-6900
2294
-1903
-3740
3077
8756
-2218
-5122
-8244
6411
-1311
9191
-8021
2938
-2311
9027
-2648
8507
-4558
-6044
4405
5961
-7243
-2328
-6229
-9953
153
9249
-1909
-2675
6556
3049
-8477
7921
3941
-7465
-2636
-2592
-9858
6969
-2852
7266
2769
-763
-7987
-9410
-4813
-3156
4676
-3528
6004
8401
-1395
7152
-2434
-3113
7926
7644
-4437
4958
5910
8531
6625
2813
-3928
-4163
3338
8432
5908
-3204
3071
-7172
-5251
3681
198
-4494
291
8079
-9796
9751
-6412
-8134
222
-9325
8634
-7988
756
-1588
190
8760
1541
-3267
-8555
-9439
3950
-3814
4871
6787
-5150
-9170
1086
8452
3083
-3028
-5911
-4103
5204
-2538
-4910
3172
8326
3605
-8377
2784
-3140
-4825
-5279
-6190
3960
-4833
-4812
-4450
-1236
7682
3734
-6515
-1689
9341
605
1464
-7729
3663
-3060
9818
-690
-9157
4305
41
-4900
3033
3968
-8618
-4506
-8514
1864
-5472
3237
2749
6999
-2435
6232
-5815
-6385
2650
-5083
7136
-7139
385
-3085
5249
-6218
2611
-8793
-9269
5947
2331
4701
1214
-9012
-5968
-5538
-6941
-5799
3869
-5828
5502
9733
-4488
2765
8744
-275
-9796
-9148
-6634
4929
2457
5195
9062
-1020
9993
-4600
6000
-5768
1597
9031
-3973
1697
-8194
-4268
2036
-4824
-7155
-1164
-8503
1598
1909
-1582
-3763
-5867
838
8178
-8763
1952
-2843
5175
5722
-7610
2904
1102
8003
3877
-8643
-3062
1902
-9528
-3306
-3927
797
1774
9732
7663
-1012
4463
5573
-9101
-8460
5879
-5843
7205
-8777
7531
-7200
-4722
4831
-6684
-5819
-1754
-40
941
2894
-5194
-5821
8863
-563
-3329
7907
5666
-565
-6355
8592
-5929
-8541
-6362
1440
-7502
-4644
-9704
-7085
-6662
-7027
-3397
8869
-5076
-1921
359
-2318
7314
5738
1546
-1329
-7822
1235
-9509
-7338
-4597
-5886
-8766
4716
6573
-9415
2447
1210
-5124
3551
-5193
2096
-3427
2398
-4893
-588
-3053
-3153
-4189
7258
29
-8320
7362
-8971
3999
-8750
3455
9507
6492
-1770
-3764
-589
3253
-7298
1946
1660
-5830
-181
337
9303
797
-1830
-3461
8915
-2463
3800
-3593
-5504
708
510
8750
-1826
6219
9797
-737
-5906
8494
1378
7256
8028
-9779
-6177
-7170
-5810
-9787
751
7317
-9740
7341
-5585
-1682
-8079
1033
-6576
7138
-8455
-6238
1504
-3657
-9645
-3495
3460
5980
-2150
-2389
-1983
8455
3108
5815
-863
-8486
-493
5665
6715
4180
133
9710
-563
-3054
2720
-2413
-3583
4073
-3330
3658
-3963
5765
4992
8970
-9497
4892
-8716
4719
-9930
-8154
-9382
9262
-5489
9981
-9610
-2847
730
6081
-676
2481
-3645
6749
1549
8910
9283
7852
-3053
7933
-3232
1867
-2438
-8724
9920
-8527
-7816
2419
-4664
8551
7741
9609
-2857
-1728
2491
7739
2311
3336
-5904
-8315
5617
7745
-3088
-2727
-4689
-6168
-8887
4368
4460
7610
-4743
-673
-5174
6519
4940
-7020
4423
1333
-3738
5670
-5231
8635
-669
-6647
-4622
141
3469
-1690
-4641
-1714
-6448
-6357
4473
-3228
-4129
-1802
-2704
-9946
6153
-5002
5561
2950
3521
-6239
-5016
4509
9758
541
-5784
7517
2832
-4449
-6395
-9294
-8269
-2551
5737
8710
-8541
-5758
-7153
-6621
-6854
4896
9362
-5002
7044
-2391
-3017
5672
9404
6297
4308
6722
-7493
-6743
-3800
-3902
8732
6707
-2558
811
-4966
2117
781
8219
3516
9303
-662
-9594
-1352
-3591
-2573
-3554
9253
8579
3636
6769
-7139
2731
-5779
-6258
7174
-4768
-3002
7189
-9582
2399
8346
-4068
5329
1439
6632
-4947
4571
4133
8507
439
9783
-340
1862
4126
-6806
7716
5843
7294
-871
6775
5272
9669
2457
-4477
-283
-6121
6708
2768
2527
8716
-2102
4575
4817
4479
-2903
4809
6980
-5805
-5778
379
7622
-8773
-6017
723
-3031
-6485
-4914
5148
8297
9365
-5627
3399
-1271
-864
8741
7036
-2722
5814
8092
4532
3176
-2956
1917
8429
2714
-1844
-1200
4096
-4247
661
7132
-6401
-6378
2240
2375
2793
7431
9664
726
9601
-9333
-7526
-7362
-3318
1175
-6
-9192
-7382
-8706
3359
9732
-9741
-8898
5800
-9246
-6193
1281
8723
-3049
8721
6356
5871
-6389
5304
-7300
203
-5225
5165
5789
4922
-7888
5523
-8195
7633
-2916
2907
6559
8727
5144
-6804
-7920
8187
-3221
3968
5399
6435
1323
7542
-2520
-2363
-6462
4034
5653
9518
3755
7312
-6818
951
-7671
6382
8722
221
-1768
7307
2090
-9532
-7672
297
5042
-921
8318
-7975
202
7800
-9804
7218
4441
7090
-4746
300
3822
-8302
6755
-261
8440
7273
778
7981
-8609
-3071
-5406
4097
5287
3733
4724
-7342
-8803
8472
3461
4897
-7656
-707
8761
-1988
4202
-2378
-1022
1703
-6886
-6176
-3910
-3318
-7621
1661
2188
-8360
-3467
2270
-4553
-945
6409
-815
-4561
-1490
-1956
2522
-3247
3392
2242
-5458
2175
-795
-9237
7793
6064
5334
2068
-7074
4282
-1007
-9136
-1556
5190
6275
-3763
-1313
9009
8361
-5615
-7771
-2640
762
7504
-4992
-2524
1215
-1062
-5525
-9494
1513
9886
-6123
-9022
5285
-4615
7021
836
-3327
6164
9949
-1520
-128
-6908
-2714
9806
-3503
352
5880
-5906
-2096
5452
5280
-7710
4555
653
-3687
-4602
-9823
-5797
-8974
8536
9642
-2512
7862
7390
-9566
-8570
8502
-9634
-5818
-5812
-5807
4068
-3674
5475
-293
8250
6153
-8758
1669
6303
8117
-403
-3969
-4867
7166
5468
-9044
-7099
2682
-3123
-9286
9588
27
-4049
-8938
5111
-1087
-378
2809
-4840
-666
-494
-7125
8607
-978
-6833
-7674
-6907
1562
-8101
-7102
-4033
6303
-1105
-9162
6592
-8298
-2747
6475
-1577
-2786
1622
-6050
-3424
4927
7287
7049
-6296
8167
-6205
9949
-9014
-3092
-5101
9032
4560
5444
-7118
-6356
5574
-5430
-1794
7558
1242
7106
-3896
-9054
-9537
4086
-1792
7638
-2142
3546
5349
9060
9285
1287
7924
-7923
-5558
4397
-4638
-8750
-5269
8566
7286
9211
239
1742
3274
5785
-3287
-364
-3619
-6779
-5419
-4404
2865
-5174
3201
-9373
6122
-1056
-8351
-5740
2661
72
-1117
-7978
-3656
1982
8117
7378
-1292
8862
-3128
-3622
-1655
9164
8369
3108
196
-5183
-6650
1214
3938
-1089
1725
5971
7181
7494
-4077
-6898
-4686
-808
2311
8751
-7874
8749
-8037
5379
-5814
6626
-9844
688
6425
-2903
-2255
-3171
4703
2176
-7874
5215
-2696
-9158
-7461
9474
8674
-6296
-6677
-6390
9284
8577
8372
7579
2309
7307
-6890
-4823
2119
-8915
3978
9288
3266
-1584
-7200
-1005
-5614
-8607
-1270
-2113
5055
-4055
-7026
4052
-1293
-2688
9211
-3449
-5432
-3232
-4429
-9994
-9075
-9859
6161
4796
4293
8128
7899
646
4629
-1968
-5381
-1095
-755
807
-1511
9832
2796
-1250
7725
8395
-9778
5204
4907
-4809
8603
6796
7524
6457
-2838
-3793
280
-8716
1012
172
-6561
2360
-3560
1961
-1632
5173
-2472
8177
-8085
-938
4810
7957
8749
2378
3706
7559
-4921
8819
5795
-474
-3189
467
-4680
-5029
4835
4468
-7181
8706
-6473
-2914
-8964
-2440
-5928
2866
-6191
174
-7786
585
-6052
0
-993
5966
5413
2305
9555
451
9213
-9749
-2429
2771
-5430
-7475
3386
-6403
-8369
8877
4669
-2117
4951
7265
9498
4612
7412
5700
1368
3573
-4455
5429
-3079
-8702
-9575
777
-1451
6170
-1726
5421
-4964
6208
-5382
-2882
3178
1445
1542
-4755
-4607
1817
-5304
-5848
8132
-8510
-112
-2558
-1525
8599
-9132
-7506
-836
-6705
8000
-2004
3556
7686
2366
8705
-5639
-3407
5285
2135
-351
-3506
-6365
8505
-5307
9441
-1745
8179
-5884
-8312
7470
-3222
-655
1700
-2475
-2944
6341
-8109
-3976
-1303
3460
1205
4870
4391
-677
6304
-836
-4128
-3126
-546
-1920
-9543
559
-3210
2496
-4779
-2646
667
2192
7154
1846
9947
-5054
9925
7023
5132
6855
-8673
-6512
-9745
9564
-4573
1255
5483
6998
-2113
282
7653
9122
-2256
-9973
9243
-2706
1364
-1342
-3805
9942
-5838
8104
7467
2098
-6974
-6946
-3411
-6258
9858
4234
-1438
-4663
3156
1431
-2051
1203
-1685
-3538
-6867
5595
-5025
-8566
1967
4927
-3511
-2998
-7358
9039
9995
3561
-9920
6520
1556
-7081
2394
-8002
-4416
-947
3790
496
6286
-2446
-7693
-3212
9307
3541
-7863
-6400
-2454
7349
-9618
-2902
-4271
-5134
-2356
7162
7282
6099
3133
-155
-7731
-5461
3717
-5683
5769
3398
8673
-2979
-4905
-183
9503
-9549
9600
7975
190
-2046
6587
7268
9458
8714
-1968
5831
-8586
2909
-1517
-4180
872
-6732
813
-9187
-5358
-2152
9051
3674
-1618
-7917
2338
7658
-3408
243
-4971
-8766
2177
2616
316
3161
4628
-4968
-2010
1397
-6794
6300
-8542
-6472
7905
-4390
-3795
-4286
-1924
3052
-2025
-6431
3739
-5717
-1939
1817
-5138
-7805
-2061
-8047
616
-973
9372
-2621
-164
-1162
-9587
6021
-6765
-4408
4301
7757
-4508
-8924
-6697
-6703
-8320
-6329
1795
-7939
-8413
-2011
3983
7217
7500
1542
3505
-9062
-5208
-7405
-5581
-2159
2028
-5507
-9396
-2671
-4238
-3222
-7898
2591
8035
1231
-3587
-6818
1172
4099
-753
6462
-458
6604
-1968
6908
-5295
8636
-3636
-876
-6722
-4190
8321
2867
-1681
-4086
3080
-4840
-1409
-6774
-7367
-5848
1815
6159
5121
6210
3299
-7358
-9601
-2562
4307
2779
-189
9932
7746
-2873
8318
-780
1032
4348
-5094
7570
4303
5054
-2474
-2500
-962
-2653
-6679
7340
-7056
2369
4610
7023
2503
-8733
91
-1773
-6945
8913
9438
8289
-518
-6425
686
-3774
4781
5017
5755
2920
7273
5657
7255
-3571
-7389
-1026
8165
-1489
-931
3437
-3576
-5120
1920
6871
-7405
5849
5102
-3311
8065
7135
-4903
-8676
-2784
-2453
-8578
-6784
5122
9925
-7416
-1664
1671
-1177
9769
3867
7311
8056
-6793
5572
-5609
7616
-2152
-74
4414
5654
5374
-4244
-969
1377
4097
-2641
7326
7012
-3029
-6826
-4123
-2173
544
5343
-2564
4940
-8479
-8745
-2530
1065
1218
-3444
-5107
-7114
7245
8331
-5126
2741
5482
-770
-6902
-8024
1337
-8333
-2256
4822
-9025
-340
8474
3639
8377
4983
2224
6797
-8766
6331
-4093
9272
3105
-4226
-1193
-5291
1488
-5385
-1022
-9979
717
7353
-9762
-101
-9590
698
-8215
-5570
-6087
9349
-9347
-4294
-1198
5616
9264
2788
3734
-8286
8967
3893
6628
-9267
8690
4069
-8920
1047
1891
34
-4760
5846
1969
-8086
1931
-290
-2037
380
9339
-7961
211
7933
2960
-3471
146
-9336
2424
-3646
4410
9206
-987
5455
5699
8575
-612
-6567
7864
8715
-2332
4747
-5224
122
-5831
6987
-6363
8590
-3971
3572
9062
5331
1380
-4599
5969
6893
-7820
-8494
-3541
-6628
-290
-7865
7541
-7959
-1652
6196
-110
-5810
-614
777
8073
7366
6821
-488
-2445
5680
-8885
-4644
-6583
-3232
-6647
9309
4864
-7544
9856
-5513
5995
4456
4062
-5581
1320
3528
5425
2541
7112
-2992
1822
-9029
-9843
-5101
-8840
3269
4443
-3859
-1051
3977
-7451
3250
-6657
-1686
-8491
2939
-1955
7787
-3210
-6866
-4018
-3812
-8639
-8609
4412
-5965
7563
6272
2533
-4297
-6847
-6476
-9063
-696
3497
222
1380
-7253
-1793
-2481
6807
5661
-1694
7947
-2150
-9566
-7907
652
8223
-5079
4740
1627
-4480
-1252
6801
-8631
566
-7268
355
227
-7895
-7502
-4987
-3405
-3691
-1590
-9090
-1267
8195
8759
-8100
-8319
5535
8222
-4630
-362
5358
8523
1404
-54
4527
-2415
-8950
1011
-9866
7551
-1856
-8731
7724
6354
-1012
6412
-2223
9759
2651
5469
9232
6372
-8781
8721
222
6058
1858
-8781
-7120
-4001
-7323
-3659
54
8673
-9874
6921
593
-6778
2714
-3276
-6913
-9211
-2620
905
1718
-2465
6740
6896
5435
6870
-812
-8344
-9264
-1779
6906
-5652
-3249
-6513
-2731
-8145
-5204
4158
3341
9797
-5344
971
5766
7575
-6441
-6376
2670
346
8029
8946
-3898
-2048
-25
-7190
4149
1683
3897
-9527
-9228
-3119
-9807
3773
7118
4477
4762
1973
4771
-1139
6651
578
5646
-158
-6300
4358
9423
4194
-170
-8571
8735
-7563
2234
-8850
-4430
-2449
9374
1307
-5116
-6708
-5922
-7703
1495
-5706
6665
5062
-6614
468
-7506
-1401
4060
6290
-2447
1997
-2654
2333
-9055
-5586
960
4005
-5145
5656
9121
8857
8022
-1433
-5177
991
3407
7277
6953
6631
5312
5080
9526
-1796
-358
-930
7875
-2487
-6471
1768
8841
2379
-6291
9287
-6062
-9258
-7527
5515
8037
-9713
5216
-7783
9992
-7351
-1900
1008
-1816
-5016
9180
8505
7763
5390
5960
1012
2921
1399
777
-7501
5422
9750
8592
-8992
-4607
7247
-3201
6458
-9705
-6207
-8097
4045
-9398
1365
-1745
5559
-7143
-2398
-6691
2456
1287
-6950
-3314
800
-8313
4761
1457
-5693
-9857
4247
5201
-2895
8709
-3262
-5741
-6397
4981
8115
-5130
-2438
7990
-5272
3336
-3665
8010
-8137
-2073
-2415
6143
1923
1057
8236
1002
-7379
5828
-2522
3727
-2927
-697
1014
6088
9500
-229
-613
2688
5085
9983
1384
7733
-1187
4816
2574
4168
2614
-6874
-7789
-1425
8924
-3379
-7534
6987
-4613
5122
4797
-1374
-4673
8779
-5380
1157
8416
-5417
-872
-6114
-3702
-2889
-5042
6301
2004
-524
3742
378
-6867
-4406
2350
2087
-4565
-2507
3647
-8800
6011
-5984
5165
-6466
9113
-8604
-2544
829
8625
-2541
1033
4876
5915
2849
-6887
5434
7630
5882
-7129
3013
5537
-4199
627
-9730
-2548
-4261
6678
2758
8353
-1562
-5898
2362
32
2677
3636
6428
-6357
2591
2104
-9610
-1347
-9437
8931
2929
4223
-3885
-6725
-5081
1913
6046
-5656
-3405
-9063
5840
-7534
5678
-9185
3280
3049
-5373
-8069
-566
9930
-33
789
-9175
-6660
8942
1825
405
139
2605
3121
-8210
239
3102
1591
-4756
-3416
-8678
-7508
-9790
-9066
8634
2149
-9403
6221
-4258
-7553
-3037
4344
-489
-6472
8663
-4714
-8465
-885
5596
-7269
693
-6096
-8333
1693
6818
2758
9153
-6168
-5145
5703
5590
-947
8881
7521
-1757
-4647
4766
6464
8087
9901
2526
-4395
-2820
-3696
-5941
7365
-1895
-9429
3083
-125
6632
2265
-708
-1480
-9255
4974
4458
4008
-8135
1802
9101
-7693
3068
5898
-4911
-1393
1801
-6798
-7355
-7567
-4165
-2895
6338
1363
4899
-3214
8711
1156
-7744
-9603
4782
-2862
5033
5542
6515
4915
-8720
-7523
-970
-5469
4878
-6532
2784
5632
7042
-8455
-4899
-9064
-8354
787
-2796
-2331
1231
7226
8209
-7633
-986
6557
-5599
3060
-1022
1920
-5317
-6937
-2399
-8368
-7156
-7041
-8791
-3359
1430
314
7718
-425
8621
7088
-6525
2842
-9160
-1993
-1127
8965
-1747
-4487
5796
612
-2097
2234
-4904
-5168
2650
-4788
8786
7157
4077
1364
3863
591
-5478
-9522
3779
559
-1166
8426
2329
-9609
-1906
-8506
2264
7109
-8034
-6602
-8116
-221
9023
-3711
3086
5412
-4476
-3829
1259
4962
874
965
-210
-6588
-7164
-886
-4338
-44
4341
4377
2553
-3632
6046
-8883
-191
-1555
968
3199
2037
-1755
-2685
9955
-1823
903
-1356
8535
-1603
7866
-7635
-4291
6476
4517
7087
-5526
1729
3184
104
-2981
-1304
-768
9827
-6098
-5709
4146
8665
2934
-714
-8234
-8303
110
-9739
8730
5876
805
1063
-9
-907
-8634
6304
4120
-7729
-8905
8759
-8280
9307
6728
4683
-5444
-8364
5123
2604
5694
6780
8632
8427
-4601
5271
-5845
-2246
7751
9954
9657
-4932
1157
-9880
8212
5100
-3132
-5415
-3496
2119
5361
6403
-9798
-865
-2219
9802
954
-4899
-873
8069
-4419
7438
-5630
6852
8057
2252
4912
-158
2395
-3889
9989
8864
-1207
5096
9742
-9827
8465
-7630
4379
1987
3215
7703
-1079
-1788
8228
-5803
8037
2763
-5186
-1136
-3724
-7350
4490
7011
-1942
-4288
3214
-391
-3101
4330
7953
-6170
6606
-9314
-4058
8107
9163
2891
6121
3314
-4142
6137
-4826
217
-6557
7523
868
8797
-3893
7131
-5139
9171
-1008
-126
-5440
1095
-6521
-7668
-7935
-3058
-2722
-8481
2283
670
9096
7954
-9518
-5028
7242
8864
-3635
8021
6692
-7945
-7014
-8121
-7743
-7573
5233
9951
-1344
-7218
-4220
3042
-9476
4153
-9168
5929
4438
4774
8597
4239
-1202
8855
2388
7596
-4610
401
5039
-3532
8644
-7616
-4875
-7
-6578
-5110
-6894
-6548
-135
-5018
-676
-6026
941
6771
-5660
-4184
-7163
4198
-7613
3012
5281
924
-3156
8253
6063
4338
4147
-6475
6325
127
3566
-7094
326
-3438
-9773
7094
-90
-5873
8342
5098
9880
7301
21
8706
5040
-3024
8939
7068
-2596
-6737
-572
6366
1657
3502
-5384
3974
-9454
9983
-1339
442
-7633
-4247
-7391
-2362
5046
112
5051
9191
8718
5073
-7120
8920
737
-6300
-2998
7769
4799
-5374
1749
-1947
-8021
-7016
-1686
-8250
-6816
2728
7056
-5529
-3600
-7481
-1077
-6156
396
2633
1081
-8209
-3799
1447
7278
1903
7224
3209
4665
-4666
-7609
3630
-8852
-7391
9293
-7449
-1310
1730
3346
-3504
4121
1997
4468
-3028
9335
-828
9049
395
9505
9
-1816
-1049
2741
-3783
9289
692
6825
-9943
785
-8551
3673
-7685
-863
4888
-9830
-2231
4110
-4243
-8440
8448
-3552
-7043
-2465
1013
-6407
-8782
9859
-2188
442
4457
1924
-4132
-8373
-4049
-4877
-5293
1319
-9150
-3313
6130
-7123
-652
5247
-325
2257
-6909
7440
-1446
8360
-5505
6022
1567
-6969
-5034
9799
-4262
-4084
-1937
1844
5121
-6580
-9509
-2426
5906
3835
3173
5695
125
-3057
8285
-1157
-5055
-1510
-4817
1713
-3353
-7317
2022
-4962
-6875
9479
-6935
7866
9910
5092
8967
-1650
-4822
8292
2123
-6902
9618
7250
4254
-6578
1929
-678
-7375
7789
-6206
9796
-8640
8629
-9551
6081
-3248
5161
3204
-8632
-5566
5404
-5807
8550
2497
-4922
4454
-9593
-3434
6351
7758
-6730
-9315
-156
9744
-9900
5896
3416
404
1227
7884
711
6226
-5287
9145
8429
-2833
2642
-1151
-2444
2542
9482
-2754
-601
-1262
4801
8047
2844
9457
-1293
1933
6834
-1606
4678
-1880
-4975
-3641
4087
-4392
1137
9470
-3166
2485
3779
9822
-5820
-7274
6085
-6385
6464
-6961
-6390
-2162
-4688
-8869
5780
-2327
-5805
2067
1242
4170
2836
-4475
-57
5367
-1487
9537
-1161
-3872
-4839
-1347
-8979
7207
-9751
-601
5984
4610
1852
2326
1400
990
5536
-7045
-6788
-4663
2571
9469
936
-7528
-9470
44
3648
5550
3906
7939
4778
7195
-8866
-5405
-7084
-1166
-3331
-6620
3158
-7417
4936
7356
7271
2387
3186
-8102
3654
-2825
5396
-7854
1062
1986
-822
-3083
-6140
-8072
-1453
1295
-3491
6221
-7285
-6104
-2526
6562
6234
-1561
-7442
-8034
-2998
-9251
-8026
-2837
3821
1667
5884
-5103
-2498
-2396
4985
-2779
1992
-1313
8256
9975
165
-4895
-7079
6118
6633
2924
-7632
-6320
-7595
7918
3854
7384
-3534
-2582
-955
-6768
5300
8886
-4916
3187
8969
7655
-9950
-4150
-5206
-4792
3368
-1045
-2201
-6368
7286
-6327
-3282
5647
-5233
-6930
68
2454
9935
-1734
-648
-165
4542
-9571
5854
4476
-245
-3370
-1137
2149
3978
-982
-7171
-9020
-7838
8693
1431
1382
4449
9513
-4185
2817
-7516
6487
-3661
-7743
-4416
2440
8779
-1272
9497
5100
-4332
1049
-4316
3326
-3288
120
-2
-4807
-5268
7031
9527
415
3478
7090
6352
-4309
-7514
-1563
-7553
-9295
6415
-8422
-532
-9211
-9414
6844
-4637
-3492
9010
5377
5760
-310
-3181
8780
-4276
8947
3988
-2272
4291
8186
1446
-1465
3921
-3207
-1724
7689
-8572
-2714
922
-3862
1849
9339
-5969
-8512
5689
-5033
3524
2558
8736
6419
4317
697
-8920
2640
2422
5987
2316
-8617
5046
6704
-9197
-3609
-2251
-6332
-5329
-3908
-8734
-1958
5233
9539
-2874
-5807
5299
-6436
-342
6208
1985
-4202
-9941
8804
-5443
-981
-2334
7954
4326
-2749
-1835
7197
4623
-8500
7885
-5421
1267
1747
8339
3658
5070
-5552
6360
-9044
-536
-8189
8448
-5638
50
8630
2004
1012
2812
-516
-5060
-2527
-5329
-544
134
2214
-5696
-4622
9957
-8504
8851
-8397
9814
-1310
-842
-3074
9108
-842
-6375
5037
-4658
-9588
9862
-2819
-2573
9464
-4972
6108
7664
-7163
244
-2868
5038
-9092
769
-7511
4326
1870
1762
4293
-5786
2102
398
910
-335
8963
7198
3134
-8549
4751
-2649
-4817
-5190
9474
7153
-7346
-6885
-6113
7522
1375
-6492
-5006
6762
4359
-834
2421
1576
-4137
-3081
-2235
2642
-3236
-4040
-3245
3274
9831
4587
-6680
-4405
257
-6404
9243
-9369
-4655
3882
5769
6012
2788
5651
8704
-3843
9076
6590
-3345
4714
7392
759
9795
-9801
-8069
-1504
8416
-2787
4096
4322
8345
-2316
-5411
283
2912
9064
3771
3286
-4858
-9856
-346
7871
-9186
9573
5373
-2156
-7097
7876
6019
-4236
-4689
-5001
9788
-1727
-2916
4509
4318
-905
3518
2426
-2150
-1559
3008
1604
-4070
7106
4128
-5833
6383
-2228
-4483
9358
1480
6550
-1949
-1122
6646
-6631
5962
-7009
-8764
-1699
5532
-5016
-3776
6294
9972
-7288
3565
6190
-4628
116
7677
-555
5740
2057
-2519
9689
8395
-2952
8019
-5906
-1356
6051
-8253
-5770
9078
-1472
5334
-1346
4756
5439
7766
-6943
2099
-8108
1219
-2849
-8143
-3529
2978
82
-3223
7527
-1139
-844
1664
1057
8925
3330
1414
-5662
1068
-5808
-1834
-6434
3030
9022
-4301
422
401
5545
-5218
-5911
5909
2638
3480
-8156
1882
1519
-1221
-3949
-8345
-3140
-6353
489
4805
7608
-1163
-1464
-6895
9996
-6106
-8232
4571
9245
-1528
-5956
-4024
2397
6381
-3653
4313
-979
3416
8046
6392
-8522
-4963
8128
-4798
525
-3159
5353
970
4530
6157
-3130
2370
5960
1488
-5613
-7180
5957
2103
-5795
851
1924
101
480
3167
1160
-8987
4190
9600
-9537
4660
-1144
3951
9603
-7250
6600
-9866
-6549
-5359
-6633
-3711
-2990
6931
-6402
7078
6304
-9172
-6352
-7819
-9394
-1189
7890
494
-8954
7176
1792
4254
-2568
436
3833
-190
5811
-2673
5177
-1664
1091
6932
1131
-2866
-6134
3541
-6998
4785
-610
-1576
7821
1346
-2950
-6699
5048
2727
-2349
6148
-9331
72
-3003
-1805
9183
5351
3002
727
-1883
-5867
-2261
-5640
4994
6762
-4939
7889
5567
-5124
-1744
-5053
-522
1656
2879
3074
-3840
7866
-6343
-474
-5611
-6202
-3457
8054
-9953
-3116
7406
-4255
718
-1772
-5438
3087
7179
1267
-6475
9283
-5933
-6852
-4013
1443
-2960
1250
-4762
-8355
-7979
9619
-10000
-2470
5918
-4952
6425
-6410
2344
1724
-3064
7532
5433
-8434
-8266
7097
-5737
-5907
3158
-9793
-1208
2503
3431
7478
-1604
-5035
-9990
3763
6069
9870
-9163
4233
5006
8707
-9742
6366
-9983
-8469
-4898
-3080
-297
7552
8203
-4795
5335
8720
2027
6925
-1598
3260
4853
-6333
5024
3347
6953
-5176
-6838
-1355
633
-7402
-1214
578
8848
641
-3046
-4747
-3383
-3023
-867
-2789
-5943
-5771
3570
-1349
-8216
323
6556
-838
-7357
100
-2637
-8172
6035
-8521
-2066
-2903
-9489
2986
262
-1334
-9347
2801
9134
-7403
9304
9600
-5214
1237
-3108
-7946
-3270
8961
-8654
-5596
-4855
2734
-8513
3461
1592
1423
7654
-4052
-5797
-4579
8283
-7474
-3877
1977
-9189
-3526
-2301
4966
6417
-4617
8923
-6824
3054
7419
-1934
-662
-8876
1629
-6615
1298
3388
-1313
-3733
-9987
159
-2380
3475
-159
-2099
-452
-9283
9837
-410
4881
-8353
2785
-1929
-8059
674
10000
-3014
-5623
6552
-7351
2385
4181
-5229
-3335
-191
2239
5155
7547
9171
6108
5558
-1201
707
-7577
6995
1964
1423
7282
6868
-2741
-7178
-10
-1049
9253
-3797
-5092
7162
-1675
-6395
8700
7836
6176
-5710
2877
3066
-3476
3485
-168
-9389
9348
9825
-1341
-941
8600
-4166
3223
1793
-38
-4354
5767
56
6306
-3046
7325
-899
-7730
-8007
9881
-1601
6782
-1912
-7338
-5795
4130
3680
-3648
-5867
7626
-990
-8451
7752
-7521
-6645
5982
5101
-5717
8188
-5473
-2006
6998
-2099
3711
1647
1772
4761
-5812
2638
-8379
7734
-3516
7408
3737
-9834
4823
-7237
-7121
1130
2855
-7287
8749
-7913
-6580
-420
442
2394
-6158
-8351
-9836
