-58
212
-615
714
-855
368
57
643
841
-967
-325
679
118
753
957
-248
932
632
-688
-610
-121
341
789
-396
-743
425
-946
793
-990
922
141
-517
-72
115
329
-382
853
333
978
-918
-274
599
-331
637
-22
569
176
-18
84
104
927
-756
691
143
-967
712
-498
-598
696
-469
627
57
490
-503
236
-708
-881
-373
-890
125
839
-675
-121
936
-677
494
204
320
75
699
-520
-226
147
249
446
298
-853
950
-297
-150
-417
-416
314
368
-316
-816
419
432
553
-321
-542
-802
-801
-873
991
0
-846
-69
-218
76
-238
-69
4
-1
732
651
423
535
104
818
94
-852
497
-167
-678
-623
150
-686
683
-259
109
-645
-943
-114
622
62
-723
-179
-819
592
913
-212
923
869
-662
-939
181
-530
-184
-50
-844
-782
-712
-87
-313
763
176
712
229
-665
673
-804
203
-930
-708
-158
-474
-117
-655
-134
890
-124
199
231
-191
-994
-93
-689
362
-468
132
-707
-372
565
283
807
-773
-304
202
782
589
-386
446
-918
-986
-207
610
962
866
653
-513
440
68
150
375
723
170
-461
-172
720
841
-216
-775
-402
184
-426
-754
969
-964
125
-183
385
380
452
426
154
456
-556
513
436
-704
-97
-223
-966
-85
-528
-163
-184
901
687
173
-657
312
715
-337
-177
376
713
457
-757
-396
573
-268
794
-532
107
-188
18
-967
-838
-369
-142
-922
-12
-897
233
817
-227
425
342
638
172
-563
772
636
662
-345
-47
-636
367
922
15
-854
-379
-447
897
170
452
462
372
647
496
-324
-525
603
-652
536
2
93
-919
641
-545
-654
-94
209
33
-39
206
971
504
977
-40
-887
257
552
536
-300
173
-886
-359
391
710
-338
-890
-716
-920
-742
-135
590
48
-312
478
404
-209
-204
-255
448
832
-670
-408
179
-963
-581
-469
765
-17
-674
276
262
41
-473
-3
-766
629
-944
510
759
593
-576
232
752
-789
597
-912
591
-294
713
-943
-951
270
939
-857
323
-357
-91
720
218
-675
351
-908
644
458
-492
-701
-139
-686
285
962
-230
-32
637
664
835
965
702
824
984
930
-840
-52
285
-847
-112
-290
207
-107
-971
934
944
-447
958
-219
970
-920
350
-744
-715
-590
767
438
-270
856
-676
195
-549
-179
-716
-386
38
91
-746
-791
463
-149
788
493
254
710
-257
-606
-855
45
-293
366
597
677
-971
-425
-165
938
-234
0
827
155
576
889
750
-567
681
-882
550
310
102
625
817
590
253
143
-575
628
-839
688
142
-878
399
923
-134
499
-514
680
978
552
577
329
691
310
996
170
342
-537
-296
-956
748
510
-425
-641
619
-257
893
-563
-224
-876
465
-806
162
153
0
556
-66
613
968
948
943
912
822
308
-718
88
637
730
746
-706
-617
496
-235
-755
376
-235
248
411
-293
-65
-29
117
308
720
-735
318
689
-147
-569
-111
458
981
-109
805
-981
485
-834
640
395
428
-251
-244
142
300
-296
210
190
528
283
-370
304
-81
-44
-968
-421
-171
51
-94
-953
747
212
131
-338
-729
-798
135
-890
-340
877
-822
224
-742
-514
-577
-862
503
618
982
-156
2
-664
519
889
869
740
847
-521
-514
697
304
-299
947
47
581
347
757
234
-481
148
-504
320
158
-706
-927
327
550
-588
550
-133
-81
236
111
-808
-781
599
-504
100
-582
-627
-932
-347
-705
38
-856
421
-537
-401
148
-401
-615
-527
-300
940
-619
-507
738
636
104
-224
33
-133
907
-682
227
-146
240
992
201
474
-64
118
-652
-910
513
304
705
77
-936
537
-388
199
938
-278
-238
335
-518
168
-699
-893
82
-527
-871
675
-377
-598
-379
-131
-765
-679
-185
761
984
-858
253
-377
-892
994
-511
72
-452
74
-577
38
459
-646
605
-499
-697
640
921
-981
-891
683
-945
-658
-179
-470
-683
321
-616
-627
612
-895
-939
-141
489
243
473
516
-383
428
839
98
-373
-453
746
-156
-623
142
-219
-689
734
-353
-302
907
-115
478
20
549
766
823
660
558
-47
-744
-368
938
503
-430
-201
720
898
675
-13
916
-318
273
76
-1
201
-453
-165
-840
-769
832
-341
565
-531
171
581
336
423
-948
90
-598
-637
-46
-848
469
-913
905
744
482
967
-506
-681
519
-630
-465
699
-844
705
990
37
-563
-997
-240
744
128
-427
-951
-212
704
247
956
889
-913
-370
229
455
261
952
884
-708
766
-997
276
113
431
775
644
376
703
312
14
-49
-331
489
-830
669
238
-207
98
-364
-810
-948
-262
143
-967
-994
-124
-476
-690
968
997
-712
892
164
540
-513
-476
-920
991
-273
846
-90
959
463
844
-911
155
696
164
698
-95
-410
209
-823
459
104
-159
917
78
-951
-118
351
-197
-745
-277
887
-562
-278
-292
72
-711
837
-312
-283
16
563
792
176
398
-155
764
186
-445
875
-846
331
-932
953
-994
19
541
872
-316
-208
432
274
498
648
-221
812
297
795
92
-111
681
-74
540
822
-697
-458
118
-673
-6
499
-113
738
779
863
762
326
-67
959
676
881
155
-35
-69
-290
-873
-323
137
-894
-981
-541
456
-471
-964
956
649
-573
-177
931
945
-570
336
810
-590
112
-805
497
-870
-815
-388
-159
-629
-780
-796
-496
-53
736
11
28
-849
-29
-757
436
-392
786
-673
581
64
287
-145
-652
